[[128  64 128] 0 road
 [244  35 232] 1
 [ 70  70  70] 2
 [102 102 156] 3
 [190 153 153] 4
 [153 153 153]
 [250 170  30] 6
 [220 220   0]
 [107 142  35] 8
 [152 251 152]    sidewalk
 [ 70 130 180] 10 sky
 [220  20  60]    ? not tree
 [255   0   0] 12 ? myself
 [  0   0 142]    car
 [  0   0  70] 14 background
 [  0  60 100]    
 [  0  80 100] 16 
 [  0   0 230] 17 
 [119  11  32]]
../SEQ_0/z0/00001.jpg
((1, 256, 3), (1, 256, 3))
../SEQ_0/z0/00301.jpg
((1, 256, 3), (1, 256, 3))
../SEQ_0/z0/00601.jpg
